id;price_combo
1;8551
2;38529
3;17215
4;34031
5;67622
6;23509
7;8193
8;30397
9;71170
10;9323
